# GIMP curves tool settings
# Gimp Gingham
# Created by Joao R.G. Sampaio
# Downloaded from https://github.com/joaorgsampaio/gimp-gingham

(time 0)
(channel value)
(curve
    (curve-type smooth)
    (n-points 17)
    (points 34 0.000000 0.043764 -1.000000 -1.000000 0.118765 0.137856 -1.000000 -1.000000 -1.000000 -1.000000 -1.000000 -1.000000 -1.000000 -1.000000 0.460808 0.452954 -1.000000 -1.000000 -1.000000 -1.000000 -1.000000 -1.000000 0.695962 0.663020 -1.000000 -1.000000 0.839667 0.840263 0.888361 0.785558 -1.000000 -1.000000 1.000000 1.000000)
    (n-samples 256)
    (samples 256 0.043764 0.046683 0.049604 0.052527 0.055453 0.058385 0.061323 0.064268 0.067222 0.070185 0.073160 0.076147 0.079147 0.082163 0.085194 0.088242 0.091309 0.094395 0.097502 0.100632 0.103784 0.106962 0.110165 0.113395 0.116653 0.119941 0.123259 0.126610 0.129993 0.133411 0.137856 0.141341 0.144834 0.148333 0.151839 0.155352 0.158870 0.162395 0.165926 0.169463 0.173006 0.176554 0.180107 0.183666 0.187231 0.190800 0.194374 0.197953 0.201537 0.205125 0.208718 0.212314 0.215915 0.219520 0.223129 0.226741 0.230357 0.233977 0.237599 0.241225 0.244854 0.248485 0.252120 0.255757 0.259396 0.263038 0.266682 0.270327 0.273975 0.277625 0.281276 0.284929 0.288583 0.292238 0.295894 0.299551 0.303209 0.306868 0.310527 0.314187 0.317846 0.321506 0.325166 0.328826 0.332485 0.336144 0.339802 0.343460 0.347117 0.350772 0.354427 0.358080 0.361732 0.365382 0.369031 0.372678 0.376323 0.379965 0.383606 0.387244 0.390880 0.394513 0.398143 0.401770 0.405394 0.409015 0.412632 0.416247 0.419857 0.423464 0.427067 0.430665 0.434260 0.437850 0.441436 0.445017 0.448594 0.452165 0.452954 0.456512 0.460049 0.463567 0.467067 0.470549 0.474015 0.477465 0.480901 0.484324 0.487733 0.491131 0.494519 0.497896 0.501265 0.504626 0.507980 0.511327 0.514670 0.518009 0.521345 0.524679 0.528011 0.531343 0.534676 0.538011 0.541348 0.544689 0.548034 0.551385 0.554742 0.558106 0.561479 0.564861 0.568253 0.571657 0.575072 0.578501 0.581944 0.585402 0.588875 0.592366 0.595874 0.599402 0.602948 0.606516 0.610105 0.613717 0.617353 0.621013 0.624698 0.628410 0.632150 0.635917 0.639714 0.643541 0.647399 0.651290 0.655213 0.663020 0.667136 0.671455 0.675965 0.680649 0.685496 0.690489 0.695616 0.700861 0.706212 0.711653 0.717171 0.722751 0.728379 0.734041 0.739723 0.745411 0.751091 0.756748 0.762368 0.767938 0.773442 0.778868 0.784200 0.789425 0.794528 0.799495 0.804313 0.808966 0.813442 0.817725 0.821801 0.825657 0.829278 0.832650 0.835759 0.838591 0.840263 0.841078 0.838922 0.834388 0.828068 0.820553 0.812436 0.804309 0.796765 0.790395 0.785791 0.783546 0.784251 0.785558 0.789654 0.794118 0.798938 0.804100 0.809589 0.815394 0.821501 0.827895 0.834565 0.841495 0.848674 0.856087 0.863721 0.871562 0.879598 0.887815 0.896199 0.904736 0.913415 0.922220 0.931139 0.940158 0.949264 0.958444 0.967683 0.976969 0.986288 1.000000))
(channel red)
(curve
    (curve-type smooth)
    (n-points 17)
    (points 34 0.000000 0.172867 -1.000000 -1.000000 0.121140 0.207877 0.217340 0.306346 -1.000000 -1.000000 -1.000000 -1.000000 -1.000000 -1.000000 0.440618 0.610503 -1.000000 -1.000000 -1.000000 -1.000000 -1.000000 -1.000000 -1.000000 -1.000000 -1.000000 -1.000000 -1.000000 -1.000000 0.858670 0.824945 -1.000000 -1.000000 1.000000 0.833698)
    (n-samples 256)
    (samples 256 0.172867 0.173363 0.173864 0.174372 0.174893 0.175430 0.175986 0.176567 0.177176 0.177816 0.178493 0.179210 0.179971 0.180780 0.181642 0.182559 0.183537 0.184578 0.185688 0.186870 0.188128 0.189466 0.190889 0.192400 0.194003 0.195702 0.197501 0.199404 0.201416 0.203540 0.205780 0.207877 0.210377 0.213057 0.215910 0.218928 0.222105 0.225435 0.228910 0.232525 0.236271 0.240143 0.244133 0.248235 0.252442 0.256748 0.261145 0.265627 0.270187 0.274818 0.279514 0.284267 0.289072 0.293921 0.298807 0.306346 0.311340 0.316433 0.321621 0.326899 0.332262 0.337706 0.343226 0.348817 0.354474 0.360193 0.365968 0.371796 0.377670 0.383587 0.389542 0.395530 0.401546 0.407586 0.413644 0.419717 0.425798 0.431884 0.437969 0.444050 0.450120 0.456176 0.462213 0.468226 0.474209 0.480159 0.486071 0.491939 0.497760 0.503528 0.509238 0.514886 0.520467 0.525977 0.531410 0.536762 0.542028 0.547203 0.552283 0.557262 0.562136 0.566901 0.571551 0.576082 0.580489 0.584767 0.588911 0.592917 0.596780 0.600495 0.604058 0.607463 0.610503 0.613657 0.616775 0.619860 0.622910 0.625927 0.628911 0.631862 0.634780 0.637666 0.640521 0.643344 0.646136 0.648897 0.651628 0.654330 0.657002 0.659644 0.662258 0.664844 0.667402 0.669932 0.672435 0.674911 0.677361 0.679784 0.682182 0.684554 0.686902 0.689225 0.691523 0.693798 0.696050 0.698278 0.700484 0.702667 0.704828 0.706968 0.709086 0.711184 0.713261 0.715319 0.717356 0.719374 0.721373 0.723354 0.725317 0.727261 0.729188 0.731099 0.732992 0.734869 0.736730 0.738576 0.740406 0.742222 0.744023 0.745811 0.747584 0.749344 0.751091 0.752826 0.754549 0.756260 0.757959 0.759647 0.761325 0.762992 0.764650 0.766297 0.767936 0.769566 0.771188 0.772801 0.774407 0.776005 0.777597 0.779182 0.780761 0.782334 0.783902 0.785465 0.787023 0.788577 0.790127 0.791673 0.793217 0.794757 0.796295 0.797831 0.799366 0.800899 0.802431 0.803963 0.805495 0.807027 0.808559 0.810093 0.811628 0.813165 0.814703 0.816245 0.817789 0.819336 0.820887 0.822443 0.824002 0.824945 0.826455 0.827858 0.829158 0.830356 0.831457 0.832463 0.833377 0.834202 0.834942 0.835599 0.836177 0.836678 0.837106 0.837464 0.837754 0.837980 0.838145 0.838252 0.838304 0.838303 0.838254 0.838159 0.838021 0.837843 0.837628 0.837380 0.837101 0.836794 0.836463 0.836111 0.835739 0.835353 0.834954 0.834546 0.834132 0.833698))
(channel green)
(curve
    (curve-type smooth)
    (n-points 17)
    (points 34 0.000000 0.172867 -1.000000 -1.000000 0.144893 0.221007 -1.000000 -1.000000 -1.000000 -1.000000 -1.000000 -1.000000 -1.000000 -1.000000 0.464371 0.641138 -1.000000 -1.000000 -1.000000 -1.000000 -1.000000 -1.000000 -1.000000 -1.000000 -1.000000 -1.000000 -1.000000 -1.000000 0.855107 0.824945 -1.000000 -1.000000 1.000000 0.835886)
    (n-samples 256)
    (samples 256 0.172867 0.172845 0.172829 0.172824 0.172837 0.172874 0.172939 0.173040 0.173181 0.173369 0.173609 0.173908 0.174270 0.174703 0.175211 0.175801 0.176479 0.177249 0.178119 0.179093 0.180179 0.181380 0.182705 0.184157 0.185743 0.187469 0.189341 0.191365 0.193545 0.195889 0.198402 0.201090 0.203958 0.207013 0.210260 0.213705 0.217355 0.221007 0.225013 0.229120 0.233325 0.237626 0.242019 0.246503 0.251075 0.255730 0.260468 0.265285 0.270178 0.275146 0.280184 0.285290 0.290462 0.295696 0.300991 0.306343 0.311749 0.317207 0.322715 0.328268 0.333866 0.339504 0.345180 0.350892 0.356637 0.362411 0.368213 0.374039 0.379887 0.385753 0.391637 0.397533 0.403441 0.409356 0.415277 0.421201 0.427124 0.433045 0.438960 0.444866 0.450762 0.456643 0.462508 0.468354 0.474178 0.479977 0.485749 0.491490 0.497199 0.502872 0.508506 0.514099 0.519649 0.525151 0.530605 0.536006 0.541352 0.546641 0.551870 0.557035 0.562135 0.567166 0.572126 0.577013 0.581822 0.586552 0.591200 0.595763 0.600238 0.604623 0.608914 0.613110 0.617208 0.621204 0.625096 0.628881 0.632556 0.636120 0.641138 0.644447 0.647706 0.650914 0.654073 0.657183 0.660244 0.663259 0.666226 0.669147 0.672023 0.674854 0.677640 0.680383 0.683083 0.685740 0.688356 0.690930 0.693465 0.695959 0.698415 0.700832 0.703211 0.705553 0.707858 0.710128 0.712362 0.714562 0.716728 0.718860 0.720960 0.723028 0.725065 0.727070 0.729046 0.730993 0.732910 0.734800 0.736662 0.738498 0.740307 0.742090 0.743849 0.745584 0.747295 0.748983 0.750649 0.752293 0.753916 0.755519 0.757102 0.758666 0.760212 0.761740 0.763251 0.764745 0.766224 0.767687 0.769136 0.770571 0.771993 0.773402 0.774800 0.776186 0.777561 0.778927 0.780283 0.781630 0.782970 0.784302 0.785627 0.786946 0.788260 0.789569 0.790874 0.792175 0.793474 0.794770 0.796065 0.797359 0.798652 0.799946 0.801241 0.802537 0.803836 0.805138 0.806444 0.807753 0.809068 0.810388 0.811715 0.813048 0.814389 0.815738 0.817095 0.818462 0.819840 0.821228 0.822627 0.824038 0.824945 0.826325 0.827617 0.828821 0.829941 0.830979 0.831938 0.832820 0.833628 0.834364 0.835031 0.835630 0.836166 0.836639 0.837053 0.837410 0.837712 0.837962 0.838163 0.838317 0.838426 0.838493 0.838521 0.838512 0.838467 0.838391 0.838285 0.838152 0.837994 0.837814 0.837614 0.837397 0.837166 0.836921 0.836668 0.836406 0.836140 0.835886))
(channel blue)
(curve
    (curve-type smooth)
    (n-points 17)
    (points 34 0.000000 0.175055 -1.000000 -1.000000 0.144893 0.227571 -1.000000 -1.000000 -1.000000 -1.000000 0.288599 0.409190 -1.000000 -1.000000 -1.000000 -1.000000 0.527316 0.698031 -1.000000 -1.000000 -1.000000 -1.000000 -1.000000 -1.000000 -1.000000 -1.000000 -1.000000 -1.000000 0.849169 0.818381 -1.000000 -1.000000 1.000000 0.833698)
    (n-samples 256)
    (samples 256 0.175055 0.175597 0.176143 0.176696 0.177261 0.177842 0.178442 0.179065 0.179715 0.180397 0.181113 0.181867 0.182665 0.183508 0.184402 0.185350 0.186356 0.187424 0.188558 0.189761 0.191038 0.192392 0.193828 0.195348 0.196958 0.198660 0.200459 0.202359 0.204363 0.206475 0.208700 0.211041 0.213501 0.216085 0.218797 0.221641 0.224619 0.227571 0.230852 0.234324 0.237981 0.241813 0.245812 0.249970 0.254277 0.258725 0.263306 0.268012 0.272833 0.277761 0.282788 0.287905 0.293104 0.298376 0.303713 0.309105 0.314546 0.320025 0.325535 0.331067 0.336612 0.342163 0.347709 0.353244 0.358758 0.364244 0.369691 0.375093 0.380439 0.385723 0.390935 0.396067 0.401110 0.406055 0.409190 0.414042 0.418948 0.423905 0.428909 0.433959 0.439050 0.444181 0.449348 0.454548 0.459778 0.465036 0.470319 0.475623 0.480946 0.486284 0.491635 0.496997 0.502365 0.507737 0.513111 0.518482 0.523850 0.529209 0.534558 0.539893 0.545213 0.550512 0.555790 0.561043 0.566267 0.571461 0.576620 0.581743 0.586827 0.591867 0.596862 0.601809 0.606704 0.611545 0.616328 0.621052 0.625712 0.630307 0.634832 0.639286 0.643665 0.647966 0.652187 0.656324 0.660375 0.664336 0.668205 0.671979 0.675655 0.679230 0.682701 0.686065 0.689319 0.692460 0.698031 0.700863 0.703638 0.706354 0.709013 0.711616 0.714165 0.716659 0.719100 0.721488 0.723826 0.726113 0.728351 0.730540 0.732682 0.734777 0.736827 0.738832 0.740793 0.742711 0.744587 0.746423 0.748218 0.749975 0.751693 0.753374 0.755019 0.756628 0.758204 0.759745 0.761255 0.762733 0.764180 0.765597 0.766986 0.768347 0.769681 0.770989 0.772273 0.773532 0.774768 0.775982 0.777175 0.778348 0.779501 0.780636 0.781754 0.782855 0.783940 0.785011 0.786068 0.787112 0.788145 0.789167 0.790178 0.791181 0.792176 0.793164 0.794145 0.795122 0.796094 0.797062 0.798029 0.798994 0.799958 0.800923 0.801889 0.802857 0.803829 0.804805 0.805786 0.806773 0.807767 0.808769 0.809780 0.810800 0.811832 0.812875 0.813931 0.815000 0.816084 0.817183 0.818299 0.818381 0.819478 0.820520 0.821509 0.822445 0.823330 0.824166 0.824954 0.825696 0.826392 0.827046 0.827657 0.828228 0.828759 0.829254 0.829712 0.830135 0.830525 0.830884 0.831213 0.831512 0.831785 0.832032 0.832254 0.832454 0.832633 0.832791 0.832931 0.833055 0.833162 0.833256 0.833338 0.833408 0.833469 0.833522 0.833568 0.833609 0.833647 0.833698))
(channel alpha)
(curve
    (curve-type smooth)
    (n-points 17)
    (points 34 0.000000 0.000000 -1.000000 -1.000000 -1.000000 -1.000000 -1.000000 -1.000000 -1.000000 -1.000000 -1.000000 -1.000000 -1.000000 -1.000000 -1.000000 -1.000000 -1.000000 -1.000000 -1.000000 -1.000000 -1.000000 -1.000000 -1.000000 -1.000000 -1.000000 -1.000000 -1.000000 -1.000000 -1.000000 -1.000000 -1.000000 -1.000000 1.000000 1.000000)
    (n-samples 256)
    (samples 256 0.000000 0.003922 0.007843 0.011765 0.015686 0.019608 0.023529 0.027451 0.031373 0.035294 0.039216 0.043137 0.047059 0.050980 0.054902 0.058824 0.062745 0.066667 0.070588 0.074510 0.078431 0.082353 0.086275 0.090196 0.094118 0.098039 0.101961 0.105882 0.109804 0.113725 0.117647 0.121569 0.125490 0.129412 0.133333 0.137255 0.141176 0.145098 0.149020 0.152941 0.156863 0.160784 0.164706 0.168627 0.172549 0.176471 0.180392 0.184314 0.188235 0.192157 0.196078 0.200000 0.203922 0.207843 0.211765 0.215686 0.219608 0.223529 0.227451 0.231373 0.235294 0.239216 0.243137 0.247059 0.250980 0.254902 0.258824 0.262745 0.266667 0.270588 0.274510 0.278431 0.282353 0.286275 0.290196 0.294118 0.298039 0.301961 0.305882 0.309804 0.313725 0.317647 0.321569 0.325490 0.329412 0.333333 0.337255 0.341176 0.345098 0.349020 0.352941 0.356863 0.360784 0.364706 0.368627 0.372549 0.376471 0.380392 0.384314 0.388235 0.392157 0.396078 0.400000 0.403922 0.407843 0.411765 0.415686 0.419608 0.423529 0.427451 0.431373 0.435294 0.439216 0.443137 0.447059 0.450980 0.454902 0.458824 0.462745 0.466667 0.470588 0.474510 0.478431 0.482353 0.486275 0.490196 0.494118 0.498039 0.501961 0.505882 0.509804 0.513725 0.517647 0.521569 0.525490 0.529412 0.533333 0.537255 0.541176 0.545098 0.549020 0.552941 0.556863 0.560784 0.564706 0.568627 0.572549 0.576471 0.580392 0.584314 0.588235 0.592157 0.596078 0.600000 0.603922 0.607843 0.611765 0.615686 0.619608 0.623529 0.627451 0.631373 0.635294 0.639216 0.643137 0.647059 0.650980 0.654902 0.658824 0.662745 0.666667 0.670588 0.674510 0.678431 0.682353 0.686275 0.690196 0.694118 0.698039 0.701961 0.705882 0.709804 0.713725 0.717647 0.721569 0.725490 0.729412 0.733333 0.737255 0.741176 0.745098 0.749020 0.752941 0.756863 0.760784 0.764706 0.768627 0.772549 0.776471 0.780392 0.784314 0.788235 0.792157 0.796078 0.800000 0.803922 0.807843 0.811765 0.815686 0.819608 0.823529 0.827451 0.831373 0.835294 0.839216 0.843137 0.847059 0.850980 0.854902 0.858824 0.862745 0.866667 0.870588 0.874510 0.878431 0.882353 0.886275 0.890196 0.894118 0.898039 0.901961 0.905882 0.909804 0.913725 0.917647 0.921569 0.925490 0.929412 0.933333 0.937255 0.941176 0.945098 0.949020 0.952941 0.956863 0.960784 0.964706 0.968627 0.972549 0.976471 0.980392 0.984314 0.988235 0.992157 0.996078 1.000000))

# end of curves tool settings
